,Num,Dnum,ROIGEnergy,ROIGContrast,ROIGEntropy,ROIGHomogeneity1,ROIGHomogeneity2,ROIGCorrelation,ROIGSumAverage,ROIGVariance,ROIGDissimilarity,ROIGAutoCorrelation,ROIGCorrelation1,LLLGEnergy,LLLGContrast,LLLGEntropy,LLLGHomogeneity1,LLLGHomogeneity2,LLLGCorrelation,LLLGSumAverage,LLLGVariance,LLLGDissimilarity,LLLGAutoCorrelation,LLLGCorrelation1,LLHGEnergy,LLHGContrast,LLHGEntropy,LLHGHomogeneity1,LLHGHomogeneity2,LLHGCorrelation,LLHGSumAverage,LLHGVariance,LLHGDissimilarity,LLHGAutoCorrelation,LLHGCorrelation1,LHLGEnergy,LHLGContrast,LHLGEntropy,LHLGHomogeneity1,LHLGHomogeneity2,LHLGCorrelation,LHLGSumAverage,LHLGVariance,LHLGDissimilarity,LHLGAutoCorrelation,LHLGCorrelation1,LHHGEnergy,LHHGContrast,LHHGEntropy,LHHGHomogeneity1,LHHGHomogeneity2,LHHGCorrelation,LHHGSumAverage,LHHGVariance,LHHGDissimilarity,LHHGAutoCorrelation,LHHGCorrelation1,HLLGEnergy,HLLGContrast,HLLGEntropy,HLLGHomogeneity1,HLLGHomogeneity2,HLLGCorrelation,HLLGSumAverage,HLLGVariance,HLLGDissimilarity,HLLGAutoCorrelation,HLLGCorrelation1,HLHGEnergy,HLHGContrast,HLHGEntropy,HLHGHomogeneity1,HLHGHomogeneity2,HLHGCorrelation,HLHGSumAverage,HLHGVariance,HLHGDissimilarity,HLHGAutoCorrelation,HLHGCorrelation1,HHLGEnergy,HHLGContrast,HHLGEntropy,HHLGHomogeneity1,HHLGHomogeneity2,HHLGCorrelation,HHLGSumAverage,HHLGVariance,HHLGDissimilarity,HHLGAutoCorrelation,HHLGCorrelation1,HHHGEnergy,HHHGContrast,HHHGEntropy,HHHGHomogeneity1,HHHGHomogeneity2,HHHGCorrelation,HHHGSumAverage,HHHGVariance,HHHGDissimilarity,HHHGAutoCorrelation,HHHGCorrelation1
0,1,1,0.005765,11.286512,8.047729,0.415382,0.335316,0.795172,0.017517,0.026881,2.520944,343.645568,420255.825544,0.00488,12.194758,8.183308,0.414821,0.335863,0.818944,0.01989,0.032903,2.576877,442.423969,756528.928636,0.006229,11.717478,7.998289,0.420115,0.342127,0.773179,0.017067,0.025196,2.526986,325.379835,356121.184207,0.003888,37.676295,8.542584,0.324165,0.238903,0.236249,0.015892,0.024082,4.521129,270.641485,324536.569343,0.005316,38.60078,8.338858,0.331257,0.24691,0.118559,0.015873,0.021395,4.410111,266.78457,242909.228908,0.005314,35.996599,8.276156,0.332686,0.246877,0.173691,0.015797,0.021279,4.346277,265.466947,225947.801455,0.003597,42.673065,8.641439,0.292058,0.202325,0.138747,0.01599,0.024179,4.961157,271.513335,321745.191566,0.004516,44.702273,8.455339,0.297572,0.210123,0.012901,0.016103,0.022128,5.04664,272.227002,255399.169637,0.004085,44.84,8.501876,0.28438,0.193733,-0.000818,0.0161,0.02187,5.104815,271.776205,278030.830899
1,2,3,0.006296,9.084517,7.878285,0.448142,0.375438,0.831884,0.016863,0.026383,2.210143,320.655815,400485.414601,0.007369,6.371213,7.662703,0.489046,0.424923,0.883318,0.017165,0.026662,1.840266,333.050261,427876.530627,0.006291,8.88421,7.876652,0.43972,0.364443,0.823291,0.016133,0.024551,2.23308,293.631651,351970.008028,0.004092,39.805826,8.598278,0.31788,0.231631,0.188394,0.016146,0.023948,4.639365,277.975639,305364.729712,0.004601,37.297923,8.481606,0.319055,0.231756,0.177827,0.016125,0.022152,4.47856,276.67887,269801.045479,0.004428,37.753092,8.51982,0.325208,0.239152,0.198478,0.016088,0.022997,4.479596,276.05749,284861.079663,0.004877,36.12339,8.445711,0.320899,0.233433,0.191603,0.016113,0.02182,4.411569,276.507246,256234.854701,0.003882,47.788453,8.637101,0.292444,0.205234,0.01728,0.016131,0.023746,5.218614,273.282574,296162.606696,0.00451,44.576446,8.506615,0.2961,0.207529,0.008245,0.016131,0.021946,4.993136,273.023512,260340.003894
2,3,4,0.003744,21.092299,8.519575,0.343931,0.253328,0.640053,0.016088,0.028599,3.512456,290.129517,439107.979151,0.004598,16.109185,8.215807,0.374751,0.288438,0.678566,0.016167,0.024481,3.043887,291.081665,372852.922357,0.004127,25.760015,8.473714,0.329149,0.237783,0.486981,0.016587,0.024511,3.841221,300.719834,350371.859102,0.003776,55.565704,8.689171,0.272609,0.18423,-0.082464,0.016109,0.025065,5.65763,269.971851,309079.5106,0.004359,47.19553,8.515165,0.280367,0.189245,-0.039381,0.016298,0.022173,5.202048,277.63331,270253.011023,0.004097,52.044703,8.607825,0.278859,0.190376,-0.059482,0.016402,0.023991,5.461474,280.642057,292850.843096,0.004143,47.45141,8.508368,0.27056,0.17833,-0.073142,0.015964,0.02161,5.328327,265.617462,261933.941023,0.003575,51.210164,8.684976,0.27718,0.187663,-0.000314,0.015845,0.025008,5.415623,263.247616,321337.020885,0.004207,46.14442,8.535194,0.281021,0.189688,0.00047,0.016256,0.022528,5.148833,277.092841,277982.398385
3,4,5,0.004628,14.202902,8.207183,0.384299,0.298601,0.734533,0.016914,0.026117,2.866933,319.623626,433990.960039,0.005418,10.688104,7.986135,0.412862,0.331993,0.785856,0.016493,0.024367,2.487341,304.850944,381519.983527,0.004516,20.59015,8.327916,0.348393,0.258202,0.558368,0.016212,0.022763,3.442816,288.596215,321432.024395,0.003752,49.291847,8.604649,0.275586,0.185658,-0.048884,0.016062,0.022947,5.385702,269.361051,299667.434126,0.003858,47.505968,8.578154,0.269931,0.177597,-0.039283,0.016111,0.022318,5.338803,271.279755,284210.79951,0.003932,50.517551,8.59092,0.279107,0.190065,-0.071113,0.016099,0.023034,5.393191,270.09174,290633.960414,0.003964,47.420879,8.537307,0.270248,0.177962,-0.063494,0.016111,0.021775,5.329446,270.748543,279186.10049,0.003745,48.616138,8.635003,0.282246,0.192464,0.006952,0.016033,0.023906,5.26216,269.728544,313342.877586,0.003856,46.822896,8.60529,0.27527,0.183097,0.006307,0.016223,0.023006,5.242985,276.120204,302392.47475
4,5,6,0.007533,11.262469,7.779856,0.43112,0.355634,0.748106,0.016753,0.021828,2.426586,311.009376,279289.477586,0.008317,9.028329,7.629587,0.457648,0.387704,0.796612,0.016571,0.021669,2.158072,305.597037,277142.479387,0.005938,18.831101,8.084541,0.371152,0.285455,0.522358,0.015988,0.019248,3.205995,278.342404,236720.417965,0.004838,40.879753,8.343412,0.298193,0.208575,-0.029052,0.016145,0.019397,4.812329,272.758524,239040.494039,0.004987,42.490804,8.354878,0.290074,0.198821,-0.050688,0.016162,0.019745,4.916346,272.884016,230420.995204,0.005367,41.528317,8.264075,0.303499,0.214815,-0.076054,0.016109,0.018844,4.783253,270.640704,221903.199513,0.004972,43.317438,8.343814,0.288132,0.19687,-0.078471,0.016095,0.019612,4.974561,270.072195,232262.518595,0.004804,40.744383,8.369722,0.302083,0.212461,0.011858,0.016068,0.020135,4.745738,270.958201,250200.066584,0.004719,41.320772,8.405725,0.292259,0.200783,0.008388,0.016131,0.020347,4.844721,273.021001,247702.340386
5,6,7,0.005874,10.779669,8.018754,0.427422,0.350683,0.806871,0.015651,0.027249,2.427802,279.35062,357412.716347,0.006424,8.854303,7.901731,0.44806,0.375229,0.844223,0.015506,0.027753,2.197524,276.104306,353076.638508,0.005914,15.908676,8.071286,0.383653,0.29911,0.632793,0.016523,0.021146,2.969264,299.974634,276031.136459,0.004323,45.20002,8.47964,0.287413,0.197514,-0.03877,0.016104,0.021247,5.088235,271.092475,264409.520512,0.004223,46.70066,8.503732,0.275829,0.184026,-0.065685,0.016126,0.021401,5.243803,271.249052,264922.989824,0.004829,47.017475,8.429521,0.294486,0.206001,-0.077238,0.016103,0.021314,5.083465,270.233688,246497.306935,0.004385,47.106581,8.477742,0.278175,0.186896,-0.08012,0.016122,0.021296,5.22466,270.812166,259068.586704,0.004063,46.773795,8.565778,0.288955,0.199659,0.002165,0.016107,0.022887,5.124672,272.082119,294741.11346,0.004106,45.587305,8.5523,0.281328,0.189812,0.00047,0.01616,0.022269,5.133857,273.842918,282615.131443
6,7,8,0.006593,9.952253,7.859397,0.438632,0.364049,0.80236,0.016361,0.024587,2.311873,300.88931,334223.672898,0.007957,7.092073,7.60378,0.479829,0.414175,0.853614,0.016452,0.023656,1.927158,304.478755,329269.82751,0.00489,19.148137,8.288298,0.360888,0.273106,0.589876,0.016095,0.022799,3.297575,285.400948,303827.408272,0.004204,40.598633,8.539658,0.300154,0.210672,0.111641,0.016081,0.022316,4.780567,273.716215,278069.598426,0.004464,43.604276,8.466287,0.286131,0.194825,-0.012183,0.016124,0.021034,5.011156,272.341636,253577.311139,0.00458,41.363061,8.448332,0.303094,0.214492,0.041676,0.016074,0.021076,4.783611,271.816444,256623.087164,0.00434,44.206063,8.495265,0.284521,0.19327,-0.008414,0.016135,0.021405,5.053074,272.812358,260708.604899,0.003977,47.257917,8.593098,0.284431,0.194716,-0.006467,0.016116,0.022927,5.198903,272.17959,291321.503535,0.004299,44.596849,8.513422,0.283137,0.191578,-0.003012,0.016111,0.021711,5.077829,272.089924,264595.844341
7,8,9,0.005415,10.479488,8.058074,0.449458,0.378321,0.87278,0.017931,0.040227,2.309095,373.088062,808172.393254,0.006151,8.150722,7.875738,0.478388,0.412808,0.901296,0.018531,0.040326,2.020926,397.304688,827554.135053,0.005277,20.273596,8.282698,0.368958,0.284249,0.566781,0.016119,0.022845,3.314636,285.712247,291851.814802,0.006536,37.735441,8.126994,0.325078,0.239445,-0.041932,0.01601,0.017684,4.45829,268.007384,192300.622462,0.005445,43.553047,8.337255,0.299887,0.21103,-0.058372,0.016151,0.020092,4.882013,272.315001,221576.132831,0.005874,40.7802,8.203834,0.311608,0.223903,-0.075464,0.016136,0.018514,4.67642,271.587367,209016.545081,0.005049,44.517671,8.377859,0.291416,0.200909,-0.066477,0.016095,0.020382,4.981674,270.23713,232403.241436,0.00493,43.395923,8.42016,0.303899,0.216052,0.000201,0.016122,0.021192,4.854479,272.559037,251954.086693,0.005003,43.449042,8.429594,0.29814,0.208824,0.000397,0.016094,0.021221,4.891008,271.618483,242642.445906
8,9,10,0.006322,14.337549,7.933941,0.409562,0.330423,0.707545,0.018163,0.023935,2.728211,363.269583,367928.946922,0.006398,12.131709,7.889614,0.425373,0.348771,0.764652,0.018232,0.02517,2.510787,368.267938,409723.536312,0.005719,18.344145,8.17108,0.380477,0.296967,0.591151,0.015822,0.021909,3.113699,275.771449,268071.85636,0.004621,45.545627,8.42793,0.290092,0.200755,-0.073307,0.016098,0.020721,5.078088,270.170133,249330.462496,0.005117,40.928612,8.288685,0.292573,0.201369,-0.067682,0.016127,0.018718,4.839946,271.406972,224680.296083,0.004665,43.822095,8.401236,0.292611,0.203354,-0.055549,0.016115,0.020273,4.993279,271.157609,249094.868988,0.004816,42.479285,8.3751,0.289534,0.198343,-0.04337,0.016141,0.019879,4.932958,272.308278,240272.160579,0.00425,45.503711,8.516965,0.292549,0.203405,-0.002539,0.016091,0.022163,5.039458,271.457238,282499.939296,0.004352,43.733429,8.487037,0.286848,0.195506,0.00153,0.016175,0.021387,5.002694,274.368852,269491.611799
9,10,11,0.00917,9.889835,7.58922,0.459059,0.390069,0.772239,0.016383,0.021199,2.195157,298.199959,240307.040276,0.00995,7.905837,7.459824,0.487936,0.425272,0.822384,0.016445,0.021734,1.938897,301.882049,257478.993344,0.00818,18.215867,7.840022,0.387723,0.305655,0.4792,0.016198,0.017078,3.055041,283.513457,184382.767544,0.0051,40.380032,8.310009,0.300312,0.210673,-0.030677,0.016107,0.01913,4.762283,271.442067,227657.725333,0.005529,38.093345,8.19754,0.297967,0.206367,-0.052619,0.016099,0.01767,4.661709,270.825122,206847.763893,0.00564,39.375454,8.18021,0.305434,0.216251,-0.081001,0.016073,0.017786,4.672884,269.42807,210857.835412,0.005656,40.001991,8.214488,0.299169,0.208374,-0.070752,0.016121,0.018241,4.722539,271.199719,208882.945419,0.004664,41.925357,8.405675,0.30079,0.211531,0.006386,0.016115,0.020603,4.810821,272.445629,258445.186683,0.005354,37.362726,8.249275,0.30358,0.212551,0.007745,0.016115,0.018386,4.573533,272.452829,221816.059834
10,11,12,0.007582,13.533158,7.807803,0.421307,0.345149,0.659706,0.016607,0.019418,2.623068,302.300304,251137.3878,0.008105,11.536935,7.70952,0.440093,0.367278,0.713431,0.016603,0.019655,2.411836,303.396399,255137.478105,0.007812,16.875012,7.883379,0.402274,0.323654,0.547025,0.01617,0.018186,2.914224,284.343782,205674.976595,0.00579,39.139711,8.206521,0.31232,0.224193,-0.038276,0.016133,0.018408,4.5997,272.197484,210436.355376,0.005691,39.055495,8.226338,0.303983,0.213991,-0.035231,0.016112,0.018419,4.654744,271.526611,207843.943151,0.006285,37.880593,8.11041,0.316704,0.229065,-0.058309,0.016142,0.017478,4.517453,272.182834,196035.971344,0.00552,42.194973,8.2904,0.299377,0.209607,-0.059371,0.016072,0.019448,4.816657,269.665303,216630.941295,0.005572,39.346162,8.269496,0.316891,0.229579,0.014944,0.016116,0.019505,4.557564,272.653428,227673.744224,0.005274,39.491903,8.307818,0.3036,0.213439,0.008323,0.016163,0.019443,4.662696,274.098146,230085.230963
11,12,14,0.005581,13.927417,8.068012,0.407597,0.327786,0.714932,0.016162,0.023853,2.698217,291.355011,348078.086516,0.005895,13.001231,7.990737,0.416698,0.338542,0.726216,0.016313,0.023179,2.596732,296.283418,337952.244625,0.005508,13.583341,8.103795,0.402626,0.321311,0.733929,0.016298,0.024922,2.720754,297.270365,365388.006352,0.004132,46.280702,8.5191,0.28892,0.199769,-0.024541,0.016021,0.022056,5.135128,268.584355,275238.249042,0.003922,45.80124,8.543471,0.274866,0.1827,-0.012775,0.016233,0.022087,5.218993,276.041049,287007.740783,0.003691,48.23052,8.598637,0.275162,0.185186,-0.024821,0.016039,0.022976,5.368405,269.159163,301912.897025,0.003471,52.128044,8.660942,0.261564,0.169966,-0.072626,0.016129,0.023729,5.625959,271.024628,320976.636222,0.003457,52.204549,8.719154,0.276162,0.186974,-9e-06,0.016249,0.025485,5.478272,276.854014,349503.619687,0.003518,50.660292,8.699601,0.269737,0.178123,0.002775,0.016015,0.024796,5.447895,268.98482,325097.059721
12,13,15,0.007777,16.353787,7.888555,0.41223,0.335843,0.660963,0.01795,0.023551,2.835341,353.80052,287616.25833,0.006736,16.512575,8.065008,0.413199,0.337051,0.714519,0.01955,0.028228,2.85061,421.42046,424024.114192,0.004974,23.123374,8.328154,0.348629,0.260385,0.498665,0.016059,0.022521,3.581644,281.913849,279629.004759,0.005056,41.110945,8.396859,0.308739,0.220903,0.043576,0.016085,0.020991,4.707372,272.22079,239529.185473,0.005177,44.910494,8.361746,0.292784,0.202782,-0.071133,0.016195,0.020465,4.98909,273.533999,228571.609917,0.004934,45.475824,8.425577,0.301226,0.212912,-0.025114,0.016057,0.021665,4.938055,269.811328,246688.775824,0.004438,47.728845,8.512317,0.279806,0.188867,-0.052989,0.016139,0.022132,5.235691,271.902529,259020.458689,0.004277,48.444369,8.572455,0.286315,0.196644,-0.013059,0.016163,0.023349,5.189935,273.63682,280035.13591,0.004093,47.880101,8.592283,0.279787,0.188671,-0.004219,0.016045,0.02329,5.230118,269.859617,281447.710727
13,14,16,0.007172,11.856118,7.908434,0.419962,0.341835,0.762193,0.017246,0.024346,2.523799,330.891585,307299.281489,0.007934,9.392895,7.748526,0.444197,0.370693,0.804944,0.017041,0.02352,2.251506,323.880676,296493.7607,0.004818,20.454525,8.292362,0.357553,0.269822,0.555106,0.016115,0.022437,3.383884,285.045234,304279.51329,0.005221,39.499882,8.271822,0.305937,0.216879,-0.018706,0.016146,0.018932,4.678017,272.992385,224578.498608,0.004317,46.062461,8.477869,0.281471,0.190235,-0.060046,0.016119,0.02122,5.156632,271.135091,259748.576277,0.004301,47.825342,8.508109,0.287679,0.199352,-0.062429,0.016145,0.021981,5.223703,271.923103,273933.665803,0.00463,46.676267,8.447778,0.281319,0.190334,-0.077334,0.016269,0.021159,5.180867,275.876406,252936.274083,0.004246,44.618414,8.491765,0.290539,0.200787,0.00097,0.016047,0.021796,5.024573,270.033045,276063.291494,0.004071,46.836357,8.584111,0.280262,0.188844,0.006004,0.016063,0.022997,5.190672,270.679152,285592.177546
14,15,17,0.010699,14.162135,7.641377,0.441713,0.371839,0.730834,0.020563,0.025668,2.543737,462.562241,325875.567068,0.009942,12.934366,7.721454,0.456796,0.390032,0.785136,0.021224,0.029395,2.418986,495.991562,442721.028263,0.00675,15.959775,7.943884,0.396048,0.314795,0.589489,0.015941,0.018986,2.887084,277.93005,230799.007097,0.005786,35.284735,8.148075,0.314489,0.225128,0.017596,0.016113,0.017532,4.414278,272.554082,202947.069495,0.005699,35.866263,8.168461,0.304889,0.21345,0.005481,0.016129,0.017612,4.49797,272.869179,202403.186213,0.00622,38.68804,8.123216,0.315337,0.227229,-0.053624,0.016083,0.017933,4.536494,270.232218,195094.558331,0.005259,39.382036,8.257122,0.29455,0.203088,-0.037148,0.016097,0.018539,4.759194,270.994271,217815.933354,0.00696,34.205339,8.008309,0.330369,0.243132,0.006238,0.016143,0.016813,4.197697,273.354636,186757.359512,0.005446,37.124807,8.220296,0.303447,0.212297,0.000583,0.016094,0.018144,4.563358,271.621765,215377.544522
15,16,18,0.004698,16.522021,8.220649,0.383239,0.29942,0.672624,0.016217,0.024641,3.020759,292.742285,373322.969001,0.005028,13.423204,8.106495,0.403598,0.322709,0.734789,0.016245,0.02471,2.720008,295.299926,385260.865625,0.005063,21.27695,8.276713,0.357415,0.269992,0.527269,0.016209,0.021975,3.423137,287.37015,286622.480799,0.004094,46.328609,8.560751,0.290369,0.201806,-0.006158,0.016047,0.022484,5.125003,269.861344,279655.295988,0.004441,43.335234,8.463796,0.285924,0.194536,-0.009304,0.016171,0.020965,5.003978,273.98783,256179.017824,0.004831,43.708279,8.424741,0.302392,0.214278,-0.011913,0.016076,0.021092,4.873647,270.733276,246168.516787,0.004988,43.462957,8.377885,0.294007,0.203845,-0.047168,0.016146,0.020267,4.925672,272.393942,236608.416126,0.004167,46.527889,8.564409,0.292884,0.204173,0.012833,0.01611,0.023012,5.079131,272.434643,289081.692391,0.004431,44.299159,8.491575,0.286977,0.195764,-0.000303,0.016119,0.021624,5.01724,272.452873,262905.804904
16,17,19,0.004632,15.251885,8.189043,0.391822,0.309219,0.715657,0.016345,0.026193,2.887054,299.341874,419727.888096,0.004878,13.183914,8.12858,0.404359,0.323289,0.755573,0.016654,0.026335,2.692246,311.215802,438088.160694,0.004263,19.375064,8.369577,0.358887,0.270677,0.61805,0.016016,0.024767,3.319051,284.634034,363744.665605,0.004472,47.726716,8.502868,0.290055,0.201801,-0.063571,0.016108,0.021915,5.185264,270.65185,263230.177752,0.004502,47.218343,8.484498,0.282543,0.19222,-0.073489,0.016112,0.02148,5.205604,270.598243,254970.482408,0.004388,46.142982,8.497367,0.289264,0.200333,-0.037108,0.016131,0.021722,5.117037,272.018673,266292.321801,0.004141,47.845706,8.553339,0.276664,0.185358,-0.047989,0.016134,0.022295,5.278362,271.852423,274849.088648,0.004107,46.513759,8.560064,0.291175,0.202339,0.005345,0.016078,0.022834,5.099473,271.185521,291684.032996,0.004582,44.549585,8.484579,0.288951,0.198386,-0.001243,0.016066,0.021728,5.01026,270.622092,256484.137366
17,18,20,0.005689,14.498031,8.060147,0.398673,0.316788,0.695917,0.016752,0.02327,2.77968,310.854759,336525.593062,0.005889,11.658358,7.970187,0.422705,0.344915,0.778879,0.017703,0.025762,2.47634,349.168952,432304.97348,0.005245,16.42522,8.16566,0.37688,0.290775,0.654328,0.016459,0.023175,3.031287,299.569024,319923.997762,0.006191,35.769098,8.136263,0.322543,0.235405,0.017211,0.015986,0.017768,4.384966,268.263194,196396.395317,0.005222,41.057484,8.2979,0.295149,0.204281,-0.041863,0.016084,0.019251,4.815404,270.440015,220176.56865,0.004225,48.365787,8.514962,0.287495,0.198848,-0.059021,0.016039,0.022304,5.203875,268.388601,274712.623008,0.004911,42.220552,8.365913,0.292204,0.201398,-0.021832,0.016188,0.02016,4.891383,274.313423,237131.309494,0.004508,43.692432,8.44729,0.294465,0.205348,-0.008455,0.016299,0.021144,4.956939,278.353646,270749.676812,0.005158,40.635844,8.339247,0.299167,0.208801,0.004985,0.016111,0.019942,4.758659,272.271729,231677.32829
18,19,21,0.005311,16.288207,8.173332,0.387114,0.303755,0.706807,0.018979,0.027144,2.973242,397.34633,455565.321533,0.005618,13.930627,8.091913,0.404688,0.324183,0.763183,0.019932,0.028727,2.73073,439.037571,519716.055034,0.004833,20.674786,8.310122,0.352259,0.263591,0.556371,0.016028,0.022754,3.438859,282.342029,294972.556666,0.004911,42.05594,8.376311,0.299535,0.210119,-0.009591,0.016065,0.020345,4.833247,270.432761,235849.457803,0.004619,44.256234,8.425375,0.284809,0.193708,-0.049959,0.016005,0.020582,5.051409,267.554609,241261.046787,0.004193,50.437368,8.557334,0.284176,0.195837,-0.075084,0.016113,0.022911,5.337805,270.494324,280508.147658,0.004419,45.678452,8.445682,0.277487,0.185466,-0.075344,0.016071,0.020749,5.178121,269.246511,252702.251284,0.004384,43.375844,8.450762,0.295397,0.205817,0.007184,0.016203,0.021337,4.929732,275.447111,275086.920689,0.00442,43.789333,8.480849,0.287184,0.196117,0.004217,0.015995,0.021471,4.999914,268.361845,260208.98187
19,20,22,0.007282,14.977764,7.918566,0.411934,0.334002,0.720977,0.018914,0.02621,2.742098,394.469928,344966.810041,0.009361,9.707829,7.522079,0.455215,0.385319,0.784381,0.017354,0.021978,2.215229,333.449318,255830.070138,0.00568,21.233634,8.212381,0.360132,0.27316,0.514656,0.015972,0.021364,3.388874,278.772724,249200.801746,0.00478,40.299342,8.361651,0.297191,0.207121,-0.000395,0.016096,0.01967,4.79066,271.644069,239905.011089,0.005494,39.086374,8.216519,0.296472,0.205064,-0.061126,0.016096,0.017986,4.719105,270.541683,209065.164631,0.005118,42.672196,8.331562,0.301966,0.213356,-0.053425,0.016088,0.019779,4.839673,270.329717,233232.591596,0.004428,46.408205,8.487473,0.279757,0.188256,-0.05659,0.016157,0.021448,5.178516,272.474877,258334.534337,0.004229,45.093457,8.514026,0.287999,0.197767,-0.007539,0.016114,0.021852,5.065651,272.105885,277189.234912,0.004485,42.886065,8.451951,0.285826,0.193896,-0.003605,0.016092,0.020866,4.970548,271.458155,254899.287876
20,21,25,0.00809,12.113301,7.725051,0.441235,0.368946,0.707571,0.01715,0.020226,2.42615,323.079954,268433.477288,0.008928,9.594779,7.567267,0.468202,0.40145,0.765988,0.016835,0.020026,2.144057,312.888582,262840.12688,0.006644,18.28371,8.061311,0.380526,0.296722,0.561822,0.016051,0.020371,3.10672,281.879637,229643.910185,0.00587,36.24144,8.180172,0.315045,0.226329,0.018083,0.01616,0.018019,4.444625,274.146962,206252.541318,0.0054,41.5141,8.285033,0.295088,0.204307,-0.060399,0.0161,0.019117,4.832433,270.606518,214678.653077,0.005073,42.122424,8.321397,0.30091,0.212211,-0.056785,0.016179,0.019464,4.840417,273.342742,236254.838615,0.00466,44.450506,8.418029,0.28323,0.191656,-0.060919,0.016092,0.020458,5.069935,270.249216,243336.799869,0.004871,42.01122,8.39005,0.301641,0.212654,-0.001101,0.016103,0.020491,4.809141,271.874518,247681.011912,0.004842,41.160659,8.379212,0.292725,0.201274,-0.005143,0.016142,0.019995,4.836541,273.126046,241034.689449
21,22,26,0.006206,14.393012,8.033602,0.408526,0.329166,0.68788,0.016424,0.022508,2.727197,298.705722,300952.872213,0.006724,11.672329,7.912153,0.430747,0.355587,0.74943,0.016459,0.022741,2.453362,301.521953,309239.009346,0.005322,22.913521,8.251615,0.353884,0.266652,0.465292,0.016135,0.020924,3.532223,282.95595,259218.34195,0.004212,46.684499,8.525594,0.284467,0.194553,-0.032182,0.016139,0.022081,5.175588,272.403281,272704.150514,0.004097,48.831619,8.559792,0.274601,0.183375,-0.063353,0.016146,0.022426,5.347198,271.909973,276203.067455,0.004131,48.684208,8.539956,0.281532,0.192227,-0.066229,0.016121,0.022291,5.295559,270.997973,279893.557245,0.004609,46.089908,8.45975,0.282842,0.191735,-0.056344,0.01608,0.021304,5.13556,269.885517,247478.092167,0.004284,46.30712,8.53523,0.289049,0.199682,-0.009866,0.016089,0.022388,5.111528,271.205046,275862.30876,0.0041,46.354477,8.559671,0.277574,0.185801,-0.011483,0.016056,0.022378,5.200437,270.044898,276407.879128
22,23,27,0.008491,8.23507,7.511058,0.475225,0.409663,0.808507,0.017263,0.020996,2.023818,329.880727,306857.84966,0.007246,8.13434,7.739799,0.474949,0.409031,0.858379,0.019753,0.028049,2.01605,433.778926,547281.469505,0.006791,6.649764,7.69936,0.474985,0.4077,0.872319,0.01596,0.025433,1.911667,289.817689,390442.061169,0.005348,29.155009,8.288572,0.34652,0.260881,0.297682,0.016083,0.020269,3.917694,277.406975,242126.982945,0.00515,34.093362,8.346211,0.327124,0.239924,0.178152,0.016077,0.020255,4.269001,274.718227,239160.008602,0.00512,34.556104,8.36432,0.337737,0.252701,0.191106,0.016002,0.020859,4.233201,272.572213,247075.443202,0.005097,35.16519,8.355275,0.32527,0.237916,0.157018,0.016135,0.020367,4.32451,276.253562,243299.478605,0.004787,40.734296,8.380976,0.307597,0.219482,0.01519,0.016126,0.020194,4.752323,273.000691,245421.967356,0.004998,40.294296,8.34228,0.305903,0.217389,-0.001561,0.016083,0.019645,4.722429,271.20616,233572.126258
23,24,28,0.005426,18.694233,8.282702,0.388684,0.307365,0.676729,0.018204,0.028181,3.091097,367.003942,447210.693553,0.005345,15.704808,8.219008,0.407377,0.328078,0.732644,0.017641,0.028668,2.801153,347.837092,477319.217243,0.004777,20.790476,8.349824,0.359128,0.272344,0.587521,0.015795,0.02457,3.409098,276.364779,312347.638081,0.004579,52.540929,8.520918,0.289541,0.201505,-0.096868,0.016133,0.023406,5.326913,270.620816,266501.693192,0.00555,45.936891,8.340349,0.296747,0.207695,-0.081652,0.01623,0.020744,4.980525,274.484794,221472.250868,0.005236,43.883837,8.316202,0.29696,0.208154,-0.073216,0.016081,0.019978,4.933049,269.66305,227416.515135,0.005225,44.719507,8.325791,0.291802,0.201578,-0.087098,0.016115,0.020074,4.980874,270.492928,227272.707389,0.004459,46.287963,8.497382,0.29659,0.207752,0.006769,0.016189,0.022752,5.015802,274.961986,280910.757227,0.004423,45.539404,8.500715,0.288149,0.197334,-0.000297,0.015896,0.022228,5.055331,264.944327,260744.282464
24,25,30,0.007607,9.161462,7.72947,0.464836,0.397144,0.817132,0.016578,0.024458,2.137467,308.637419,329887.947308,0.008135,7.729652,7.627289,0.482944,0.418767,0.84466,0.016553,0.024296,1.96104,308.326287,333177.108408,0.005033,18.491064,8.267335,0.370185,0.284136,0.610466,0.016094,0.023179,3.196391,286.07773,310933.659584,0.004862,40.067948,8.391823,0.305089,0.216341,0.042046,0.016071,0.020421,4.712524,271.69559,242363.616401,0.00469,43.325507,8.428499,0.287238,0.196069,-0.026778,0.016096,0.020603,4.988771,271.114784,241932.871909,0.005631,39.554694,8.263597,0.314721,0.227243,-0.00494,0.016092,0.01922,4.595763,271.433406,215929.637947,0.004875,42.684602,8.394543,0.292601,0.201894,-0.024088,0.016144,0.020351,4.904389,272.793161,238433.492479,0.004357,44.297721,8.500429,0.294265,0.204965,0.009369,0.016106,0.021833,4.975922,272.21042,272374.805348,0.004451,43.376974,8.47496,0.286201,0.194546,0.00388,0.016109,0.021262,4.986522,272.206088,258683.50624
25,26,32,0.010625,11.256698,7.362353,0.477237,0.414816,0.687489,0.018133,0.017585,2.20198,357.165169,247710.628972,0.008825,12.986092,7.627324,0.467686,0.403944,0.717834,0.020012,0.022469,2.348187,436.443374,385812.843195,0.010628,15.822884,7.734909,0.424118,0.350483,0.60548,0.016027,0.019577,2.744146,281.477778,172595.070968,0.007361,34.172953,7.970732,0.33381,0.247721,-0.013666,0.016132,0.016458,4.206496,272.647293,175376.486022,0.005315,42.257854,8.314937,0.298107,0.208216,-0.049272,0.016095,0.019662,4.834772,270.632649,221845.183361,0.005875,37.471742,8.16286,0.311835,0.223372,-0.030672,0.016136,0.017756,4.548124,272.479689,205822.103518,0.005082,43.224279,8.352777,0.291372,0.20061,-0.052219,0.016103,0.02006,4.936117,270.837376,230748.27973,0.005532,37.851364,8.231012,0.31486,0.227077,0.007429,0.016067,0.01862,4.5248,270.83345,222010.138257,0.004901,41.472731,8.375155,0.297469,0.206865,0.00184,0.016109,0.020286,4.795833,272.140963,242341.009779
26,27,33,0.006188,9.589228,7.873211,0.43538,0.359466,0.812737,0.016777,0.024999,2.293194,315.953469,378799.406209,0.005926,9.252904,7.935511,0.439979,0.365024,0.839655,0.017952,0.028178,2.243744,362.167466,499682.685216,0.004684,15.887767,8.252121,0.370412,0.282748,0.680167,0.016179,0.02425,3.046787,291.365846,354266.939076,0.004204,47.346925,8.523795,0.285548,0.195954,-0.049998,0.016166,0.022015,5.192637,272.891316,273598.908891,0.004295,47.423742,8.529611,0.280301,0.18954,-0.049202,0.016101,0.022073,5.226813,270.727632,263139.088542,0.005135,41.540559,8.323951,0.304067,0.215406,-0.030186,0.016107,0.019689,4.770062,271.439371,228547.071177,0.004644,44.440034,8.428999,0.286358,0.195195,-0.047648,0.016057,0.020716,5.037427,269.328968,243227.367815,0.004087,46.407784,8.562992,0.288569,0.199243,0.001017,0.016108,0.022687,5.120766,272.112029,289688.460946,0.004067,46.588389,8.578934,0.280056,0.188717,-0.000245,0.016079,0.022744,5.185555,271.07534,281082.348254
27,28,35,0.005058,28.547257,8.335698,0.345777,0.260589,0.506887,0.01831,0.028306,3.913948,366.259819,380162.308456,0.004726,27.212373,8.366062,0.359566,0.277624,0.573897,0.019021,0.031181,3.758096,397.702528,477470.992365,0.004461,27.565053,8.424366,0.326477,0.236099,0.454125,0.015935,0.024598,3.96905,277.680669,295648.12745,0.004515,49.777858,8.515126,0.297218,0.209572,0.010203,0.015837,0.024564,5.120454,263.274632,254319.771853,0.004637,45.114127,8.414914,0.287258,0.196822,-0.014367,0.015652,0.021723,5.050706,256.585949,238330.036337,0.003744,59.916139,8.691496,0.266226,0.178281,-0.070368,0.0155,0.027351,5.917645,249.976009,291512.795882,0.005305,45.279911,8.301814,0.29389,0.203374,-0.052972,0.01619,0.021022,4.96779,273.734667,221397.529349,0.004502,46.409988,8.444894,0.29117,0.201766,-0.003051,0.015785,0.022527,5.060601,261.116421,261594.003832,0.004923,42.012638,8.335185,0.291702,0.201642,-0.000317,0.016061,0.020457,4.891793,270.428512,236599.356008
28,29,36,0.004746,14.427373,8.243887,0.400225,0.319148,0.797586,0.018594,0.034804,2.799144,390.948928,635338.867984,0.004893,12.400457,8.193323,0.415423,0.336856,0.831902,0.019368,0.036019,2.589267,424.033679,747450.760642,0.004464,18.855603,8.332276,0.357573,0.268927,0.613915,0.015961,0.023845,3.299332,282.108694,334641.128403,0.004369,46.332516,8.517162,0.290436,0.201294,-0.023272,0.016044,0.022108,5.092931,269.377298,263258.935724,0.004245,46.690194,8.515989,0.276793,0.185084,-0.052334,0.016136,0.021664,5.224645,271.86037,265073.154284,0.004361,48.288017,8.518884,0.289196,0.200899,-0.060772,0.016054,0.022229,5.203625,268.876503,267454.921839,0.00415,50.227083,8.565067,0.274645,0.183824,-0.085149,0.016132,0.022601,5.391986,270.919539,275802.709385,0.004037,47.303922,8.585574,0.288108,0.198695,0.002354,0.01612,0.023152,5.157084,272.541405,296988.919266,0.004111,46.772311,8.578014,0.280584,0.189235,0.000577,0.0161,0.022851,5.178687,271.822911,282253.404856
29,30,37,0.006254,11.131259,7.941047,0.41071,0.329857,0.762348,0.016163,0.022861,2.52461,291.781237,299689.281017,0.007162,8.571494,7.748499,0.438183,0.362051,0.811997,0.016481,0.022268,2.215121,303.344247,300752.25257,0.004985,15.901602,8.224934,0.378111,0.292132,0.682597,0.016505,0.024449,3.007537,302.741862,356880.794721,0.00445,46.679311,8.472806,0.287046,0.197558,-0.061211,0.016189,0.021477,5.15261,273.455526,261979.10232,0.004707,41.927317,8.381422,0.289506,0.198235,-0.023112,0.015967,0.020026,4.91571,266.861429,236521.943907,0.004549,44.413577,8.434717,0.2905,0.200815,-0.034247,0.016107,0.020972,5.030868,271.297483,253143.923598,0.004172,45.444271,8.476539,0.274717,0.182122,-0.05751,0.016187,0.020985,5.202078,273.498698,269023.065092,0.004357,45.831685,8.51614,0.291107,0.202604,-0.010129,0.015794,0.022143,5.115764,261.339469,261255.516498,0.004969,39.870448,8.314135,0.291922,0.200289,-0.017744,0.016128,0.019129,4.80821,272.403258,228819.211612
30,31,38,0.00402,15.14961,8.362284,0.379922,0.294064,0.780163,0.015735,0.03362,2.953129,286.4597,562889.151769,0.004643,11.955668,8.142532,0.405017,0.322016,0.812852,0.013793,0.031181,2.626815,225.445102,391006.99909,0.009425,15.904198,7.739124,0.415914,0.339643,0.589203,0.016751,0.018841,2.807585,305.559143,199834.20796,0.004932,45.137159,8.391589,0.303135,0.216198,-0.028397,0.015697,0.021454,4.941463,257.758502,233231.654176,0.006713,41.487694,8.164532,0.315178,0.228623,-0.044236,0.016163,0.019402,4.657678,273.054162,195408.523946,0.00557,37.724654,8.191127,0.314482,0.226538,0.003603,0.016124,0.018489,4.539223,272.669454,216643.070568,0.005893,40.243579,8.19401,0.311348,0.222852,-0.029953,0.016232,0.019083,4.651482,275.694864,211997.526011,0.005447,41.931558,8.284745,0.31245,0.226366,-0.027672,0.016154,0.019882,4.775153,273.035753,226731.710323,0.007099,38.348585,8.101335,0.320283,0.233229,-0.011407,0.016191,0.018502,4.503367,274.662925,187768.604777
31,32,39,0.00609,12.336893,7.992492,0.421373,0.34433,0.751012,0.016392,0.024193,2.553963,300.357169,332997.28255,0.006327,10.922541,7.918503,0.433687,0.358529,0.777481,0.016406,0.023955,2.399591,301.296459,337968.019568,0.005417,16.2337,8.171372,0.383345,0.299368,0.651078,0.016241,0.022719,2.998893,291.717589,302181.920899,0.006671,36.262055,8.079301,0.32634,0.240305,-0.03253,0.016095,0.017149,4.373992,271.073158,188259.925723,0.00582,39.836276,8.205062,0.302643,0.212769,-0.064487,0.016091,0.018274,4.694646,270.30487,203990.304053,0.005469,40.40556,8.302725,0.314027,0.226836,-0.003265,0.016096,0.019664,4.648636,271.597893,222518.775596,0.00533,42.196909,8.325287,0.301247,0.211601,-0.037674,0.016125,0.019856,4.795173,271.887603,224313.583393,0.00507,42.655031,8.378809,0.302837,0.214675,-0.018929,0.016096,0.020438,4.842623,271.267213,235635.67665,0.005415,40.754076,8.309535,0.299776,0.209729,-0.016821,0.016134,0.019573,4.758159,272.612793,218440.815709
32,33,1001,0.008289,7.354228,7.636393,0.481468,0.416364,0.847168,0.01619,0.023493,1.937799,295.220806,293522.676963,0.009122,5.359619,7.465637,0.51298,0.454737,0.890642,0.016193,0.023932,1.661835,296.791541,313497.898337,0.008217,8.195017,7.622186,0.46506,0.396247,0.800175,0.016309,0.020023,2.063797,295.323542,267963.635669,0.004968,31.896008,8.369883,0.339405,0.2536,0.254774,0.016089,0.020898,4.117425,276.866263,255290.155735,0.005433,31.50717,8.290476,0.335719,0.249083,0.22432,0.016161,0.019834,4.086247,278.430575,234992.903393,0.006118,28.890078,8.131029,0.354617,0.270149,0.220781,0.016016,0.018103,3.842538,273.062772,208575.390643,0.006422,29.919333,8.132055,0.349134,0.26433,0.200919,0.016138,0.018282,3.896657,276.851279,204856.285156,0.004935,40.021657,8.364989,0.312436,0.224792,0.024051,0.016092,0.020024,4.695553,272.009458,237859.148003,0.005424,37.759903,8.263394,0.312024,0.223273,0.020919,0.016108,0.018831,4.55067,272.461329,218462.056893
33,34,1002,0.017453,14.445087,7.281975,0.476461,0.415852,0.69143,0.019429,0.022857,2.440806,411.99004,201890.069988,0.01423,14.990329,7.544848,0.466114,0.402307,0.735882,0.020823,0.02771,2.528343,475.552397,300666.622395,0.008452,14.742607,7.884506,0.432455,0.36044,0.663308,0.01601,0.021375,2.645203,283.288016,234954.54353,0.009535,27.086884,7.635047,0.358608,0.274068,0.0273,0.016135,0.013599,3.686474,273.379138,141603.095911,0.007932,32.273283,7.8841,0.332022,0.24413,-0.013248,0.016085,0.015549,4.103337,271.089388,159933.783591,0.010675,28.346763,7.573832,0.363655,0.28076,-0.017249,0.016187,0.013606,3.704157,274.495303,134796.219381,0.009128,33.454839,7.810135,0.341859,0.256906,-0.049941,0.016092,0.015557,4.082684,270.717769,149274.613266,0.007709,32.409071,7.900016,0.341115,0.255501,0.002946,0.016079,0.01587,4.050693,271.135549,172013.117823,0.008176,31.487079,7.869037,0.340053,0.253565,0.0089,0.016112,0.015514,4.007531,272.362272,163921.604354
34,35,1003,0.008372,14.096654,7.712694,0.435164,0.36315,0.622613,0.016977,0.018231,2.579305,313.840826,238399.362681,0.008109,13.222078,7.774428,0.439575,0.368015,0.684598,0.017587,0.020463,2.511806,338.659624,280069.349139,0.00675,19.332859,8.023862,0.382987,0.300693,0.511161,0.015947,0.019312,3.155327,276.762929,218394.069272,0.006262,36.822747,8.136854,0.321281,0.233353,-0.003774,0.01623,0.017916,4.403315,276.141231,198270.407267,0.005901,37.799638,8.180788,0.308075,0.218031,-0.023574,0.016146,0.018031,4.559178,272.908263,200418.983797,0.006415,36.866024,8.09334,0.319736,0.23219,-0.040826,0.016199,0.017298,4.445418,274.425381,190603.292137,0.005812,38.904616,8.209561,0.302539,0.212193,-0.037186,0.016046,0.018313,4.658855,269.28384,201196.157468,0.005743,38.295774,8.228762,0.316703,0.228813,0.004678,0.016081,0.018788,4.52557,271.262612,216287.215134,0.005577,37.255972,8.222165,0.30735,0.217128,0.005693,0.016093,0.018294,4.546545,271.657206,213756.361324
35,36,1004,0.01133,16.860184,7.582969,0.43054,0.35925,0.657179,0.020148,0.024019,2.763424,441.826399,255970.967915,0.011788,13.613671,7.509061,0.452755,0.384962,0.717058,0.019635,0.023494,2.47613,421.525097,260599.323588,0.007375,19.624603,8.049772,0.384018,0.302721,0.531973,0.015669,0.020464,3.196416,268.588755,204194.042909,0.005678,39.698705,8.244801,0.310554,0.222084,-0.01679,0.016169,0.01907,4.63394,273.821664,213124.126589,0.00536,42.079515,8.317988,0.299151,0.20939,-0.039744,0.016222,0.019766,4.814449,275.14358,223870.934065,0.005602,42.739687,8.257861,0.303489,0.214199,-0.065955,0.016079,0.01957,4.798964,269.747956,213405.3286,0.004547,48.725707,8.506393,0.281074,0.19101,-0.074078,0.016187,0.022148,5.276536,273.055769,256457.219685,0.004688,43.639233,8.443912,0.302702,0.214394,0.009313,0.016113,0.021498,4.870189,272.448048,263731.062208,0.004651,42.981592,8.447986,0.293812,0.203586,0.010408,0.016085,0.021203,4.907284,271.519594,255445.173949
36,37,1005,0.003237,26.281373,8.633934,0.330942,0.241622,0.567419,0.016082,0.029673,3.907972,288.454782,486832.521824,0.00399,17.134629,8.345261,0.366193,0.278964,0.691862,0.016692,0.027151,3.17409,311.398805,466310.619055,0.003993,31.210635,8.572915,0.314887,0.223925,0.369291,0.016135,0.024156,4.242075,282.098672,319215.305566,0.004037,38.345745,8.602425,0.30247,0.21202,0.214149,0.016158,0.023824,4.638374,278.986051,300807.178025,0.003764,45.17749,8.650649,0.27771,0.185595,0.068603,0.01612,0.023684,5.16251,274.132667,299265.397133,0.00368,41.859522,8.677752,0.291543,0.200661,0.168014,0.016167,0.02456,4.887052,278.298852,326477.032831,0.003521,46.96004,8.691565,0.26991,0.17752,0.049119,0.016123,0.024115,5.319313,273.804792,314902.233703,0.003378,49.823057,8.730339,0.264883,0.172871,0.014682,0.016065,0.024696,5.493309,271.007429,326535.835238,0.003337,50.745687,8.731921,0.257525,0.16453,-0.005177,0.016106,0.024649,5.595057,271.857651,325879.833988
37,38,1006,0.003804,17.905262,8.494978,0.380301,0.29648,0.758981,0.013693,0.036251,3.114901,224.771771,446104.136858,0.004146,15.373497,8.430642,0.389223,0.306262,0.790535,0.01483,0.03584,2.918896,259.63228,470502.953302,0.004566,23.096624,8.34443,0.34018,0.249564,0.499383,0.016192,0.022521,3.631274,286.426009,301443.475389,0.003603,50.951218,8.707912,0.277521,0.188316,0.007133,0.016125,0.025069,5.420511,272.854193,324321.541692,0.004038,50.613168,8.578435,0.271924,0.180729,-0.075569,0.015955,0.022981,5.428584,265.140319,272991.834518,0.003515,48.268577,8.667909,0.274592,0.18423,0.022514,0.016121,0.024093,5.354714,273.044944,320759.684837,0.003724,49.531071,8.637154,0.265421,0.173229,-0.030385,0.0162,0.023474,5.456323,274.471626,299860.643649,0.003451,50.749727,8.696745,0.274995,0.185034,0.010323,0.016283,0.025042,5.426848,278.291675,347451.745391,0.003712,49.181231,8.651116,0.270026,0.178261,-0.005243,0.016209,0.023874,5.395569,275.364522,310256.905467
38,39,1007,0.026948,13.668602,6.840769,0.5214,0.471524,0.722583,0.017329,0.024056,2.235514,332.687777,119881.183366,0.030124,10.674705,6.803461,0.550164,0.501688,0.783459,0.017969,0.024067,2.001269,357.868934,141409.89661,0.015069,22.451324,7.591053,0.418042,0.347301,0.381295,0.01594,0.017713,3.137856,273.326287,126668.204749,0.019038,23.482478,7.28281,0.428902,0.36032,0.239192,0.015772,0.015068,3.081946,264.535394,99069.850615,0.011536,31.318486,7.711237,0.367483,0.287463,0.064104,0.016178,0.016339,3.800032,275.499895,134457.877233,0.013994,26.093122,7.573425,0.397638,0.322653,0.218116,0.015886,0.016297,3.391036,268.270443,120735.4681,0.007842,34.167529,8.021345,0.335582,0.249878,0.052708,0.01615,0.017609,4.178377,274.4339,170154.337022,0.009879,32.186943,7.810697,0.357268,0.27526,0.036689,0.016152,0.016313,3.922436,274.169767,149210.213901,0.007217,38.281595,8.12234,0.322779,0.23616,-0.003419,0.016103,0.018626,4.450253,271.84721,181176.481179
39,40,1008,0.016068,12.674909,7.04283,0.484314,0.425184,0.599274,0.018348,0.015448,2.271257,362.477001,162885.684876,0.01661,11.181727,7.068728,0.517079,0.464611,0.710775,0.019722,0.01888,2.085129,421.597273,222033.029895,0.009545,24.170341,7.892702,0.387393,0.309242,0.363423,0.015973,0.018542,3.376225,274.422379,164858.469972,0.012949,24.611649,7.553393,0.395362,0.319198,0.212467,0.016099,0.015263,3.329868,275.080824,126997.886906,0.008026,31.722407,7.955347,0.340178,0.254145,0.085182,0.0161,0.016932,4.01969,273.279685,164785.752023,0.009757,26.721186,7.802152,0.371111,0.289609,0.225282,0.016022,0.016841,3.56889,273.061586,150129.350457,0.005523,36.602941,8.277272,0.308221,0.217725,0.075715,0.016228,0.019334,4.499659,277.621172,218818.91584,0.008329,33.013202,7.927131,0.340413,0.254911,0.02854,0.015981,0.016594,4.076118,268.284603,160240.891922,0.006077,38.159375,8.205394,0.30837,0.218467,0.002478,0.016104,0.018678,4.557389,271.977192,198700.820326
40,41,1009,0.006387,10.271809,7.92842,0.45203,0.382488,0.846115,0.019774,0.032607,2.268483,438.269159,650410.132926,0.00705,8.06639,7.763217,0.472284,0.407039,0.875312,0.019447,0.031605,2.033026,424.890923,619534.772546,0.007327,7.918265,7.679289,0.460332,0.389971,0.833288,0.016275,0.023204,2.051845,297.557667,324290.767429,0.004571,32.442095,8.447407,0.331159,0.244409,0.307125,0.016237,0.022858,4.185829,283.632368,286692.905493,0.006153,29.272716,8.118995,0.343847,0.257604,0.201747,0.016072,0.017905,3.919742,274.551121,203934.825792,0.005821,28.213546,8.176315,0.34993,0.264743,0.271993,0.016126,0.018936,3.845312,277.976689,221517.99776,0.004896,36.295697,8.401964,0.324534,0.237117,0.172524,0.016029,0.021402,4.357964,273.177877,254269.101569,0.004265,44.714822,8.525731,0.29395,0.204649,0.025163,0.016112,0.022403,5.032903,272.798621,271581.144652,0.00529,37.435008,8.268496,0.308829,0.219359,0.032584,0.016178,0.01889,4.568284,275.055985,222759.065691
41,42,1010,0.006855,13.838496,8.016001,0.448961,0.38064,0.835255,0.017877,0.041011,2.551101,370.189062,551044.426181,0.007215,10.720636,7.866366,0.469145,0.402875,0.865944,0.018104,0.039044,2.270618,378.279674,581957.091178,0.005623,17.325418,8.217373,0.387504,0.305741,0.644441,0.016024,0.023769,3.052385,284.906151,301331.352031,0.007717,36.862877,8.092942,0.344361,0.261656,0.050176,0.016065,0.018948,4.238901,271.600458,177392.912298,0.006298,38.112032,8.197113,0.319537,0.232164,0.00983,0.016097,0.018793,4.47953,271.899276,199056.552296,0.006291,42.150673,8.307508,0.323718,0.239003,0.023139,0.016075,0.021072,4.63453,271.473328,208888.066618,0.005058,43.866354,8.420027,0.29592,0.206339,-0.003568,0.016128,0.021346,4.92388,272.658266,236078.362918,0.005245,43.349727,8.397131,0.309731,0.223246,0.000348,0.016095,0.021172,4.819138,271.65428,240210.587298,0.004751,44.337358,8.457345,0.292737,0.202767,-0.010357,0.016146,0.021427,4.976454,273.124276,251651.048298
42,43,1012,0.002997,23.120195,8.760668,0.349895,0.262733,0.699717,0.016196,0.037591,3.595134,301.988421,730940.908705,0.003448,18.517091,8.584088,0.367493,0.28144,0.738888,0.016391,0.034631,3.230787,307.91219,642971.314445,0.004501,17.919536,8.324818,0.366755,0.279783,0.652166,0.016124,0.025157,3.200301,289.402611,361569.710585,0.005057,45.247371,8.450432,0.311613,0.226213,-0.005287,0.016064,0.021973,4.886697,270.45241,245140.648276,0.004442,47.257116,8.544963,0.290988,0.202144,-0.016468,0.016171,0.022699,5.122234,273.821587,269690.780359,0.004263,45.495148,8.55845,0.303471,0.217025,0.032544,0.015998,0.022963,4.974412,269.140146,281478.224143,0.003863,49.761902,8.653157,0.280015,0.190159,-0.011815,0.016085,0.024016,5.32931,270.994176,299793.537025,0.004966,45.260499,8.462293,0.306389,0.22008,0.001668,0.016176,0.022136,4.926056,274.413193,253921.916964,0.004302,47.110773,8.564321,0.286419,0.196391,-0.001657,0.016045,0.022962,5.144334,269.891168,273448.87202
43,44,1013,0.005132,18.45282,8.279472,0.387493,0.305985,0.691037,0.01897,0.029154,3.090267,397.958509,502765.310701,0.005358,14.362125,8.150474,0.410291,0.3316,0.751839,0.018801,0.028244,2.717512,392.398513,530423.2601,0.005153,20.550682,8.241707,0.364809,0.278722,0.543316,0.015835,0.021955,3.326358,275.117158,279842.694134,0.004364,45.219626,8.531659,0.292813,0.203838,0.02274,0.016068,0.022585,5.043731,271.241821,262159.768687,0.0047,40.74416,8.383608,0.290629,0.199172,0.007606,0.01619,0.020048,4.845519,274.991516,242642.270828,0.004443,45.552589,8.467673,0.292414,0.203752,-0.04045,0.016041,0.02138,5.068962,268.927926,257882.934976,0.004486,44.791837,8.457576,0.282984,0.191431,-0.040042,0.016173,0.021028,5.085847,273.424566,253524.28765,0.004235,46.666807,8.536154,0.292981,0.20448,-0.006653,0.015983,0.022632,5.099983,267.717673,279382.566029,0.005196,39.940493,8.307838,0.302958,0.213116,-0.004524,0.016224,0.019415,4.70042,275.923822,233646.097083
44,45,1014,0.012297,8.290248,7.276762,0.513213,0.457139,0.847215,0.017155,0.026488,1.907277,331.585826,255875.143988,0.011555,7.623056,7.33209,0.5194,0.464036,0.871471,0.017912,0.028959,1.834776,362.277027,318619.235401,0.008304,15.899426,7.929081,0.4151,0.339536,0.631787,0.016054,0.021085,2.805487,283.876192,217857.435103,0.009025,35.891141,7.881199,0.350104,0.267664,-0.037197,0.016088,0.016896,4.135839,270.743178,155433.632177,0.007476,38.333587,8.048879,0.325167,0.23851,-0.050585,0.016088,0.017818,4.42215,270.462666,174513.674687,0.008009,35.785467,7.99024,0.341541,0.257801,-0.015659,0.016119,0.017202,4.234606,272.166674,171284.815698,0.005846,42.405446,8.284703,0.305449,0.217002,-0.041641,0.016132,0.019879,4.772136,272.027594,213194.425158,0.008487,35.898591,7.955833,0.351311,0.269191,0.013906,0.016129,0.017772,4.126697,273.026672,170843.8366,0.007588,37.360021,8.065837,0.332764,0.247335,0.007142,0.016109,0.018375,4.318594,272.244213,179680.779079
45,46,1015,0.005435,13.124176,8.096197,0.430957,0.357017,0.790388,0.019054,0.030549,2.539363,405.400069,630825.059848,0.0053,11.222223,8.093074,0.437047,0.363333,0.824059,0.019134,0.031137,2.393524,410.153211,689746.217836,0.007367,7.123859,7.671811,0.473434,0.405286,0.859098,0.015858,0.024667,1.954261,285.38927,335938.52071,0.006589,27.752021,8.223269,0.37111,0.290987,0.353291,0.016408,0.020952,3.739218,289.893213,234858.482074,0.005419,35.136584,8.362589,0.335073,0.250502,0.185405,0.016056,0.021057,4.270384,274.306975,240093.280878,0.005623,29.203694,8.283273,0.3585,0.276119,0.324727,0.016034,0.021115,3.85997,276.591516,242751.466675,0.005647,32.110882,8.232859,0.335756,0.249609,0.1779,0.016173,0.01907,4.130017,277.727908,225275.269365,0.005827,41.116292,8.328722,0.324512,0.239114,0.042683,0.01609,0.020963,4.612436,272.384764,218462.873718,0.005823,39.89504,8.291046,0.319061,0.232761,0.022102,0.016077,0.019922,4.592871,271.467595,213541.953598
46,47,1017,0.013342,20.913955,7.737088,0.437573,0.370364,0.750987,0.022849,0.041079,2.978409,579.029091,376826.903968,0.012206,19.193705,7.765334,0.428041,0.356213,0.753899,0.02359,0.038128,2.923024,612.96714,451973.52194,0.004898,19.34566,8.261329,0.371171,0.286407,0.63581,0.014977,0.025961,3.254075,252.109523,296195.5732,0.008461,27.059197,7.763719,0.360689,0.275799,0.130127,0.015786,0.015179,3.67638,263.313236,152092.914739,0.008463,29.782216,7.861851,0.343296,0.257534,0.111111,0.01634,0.016369,3.938448,281.848114,161835.129973,0.009334,28.798625,7.767325,0.365477,0.283866,0.141945,0.015892,0.016407,3.736689,267.239915,147620.128986,0.006107,38.55961,8.155451,0.31408,0.225593,-0.002278,0.016394,0.018783,4.522758,281.783444,206315.170745,0.006483,40.365171,8.177007,0.324401,0.238634,0.011531,0.015972,0.019918,4.539028,267.7144,202373.515689,0.004675,41.494449,8.376975,0.294369,0.20328,0.016266,0.016444,0.020598,4.849433,283.897616,261122.383989
47,48,1019,0.009182,18.178314,7.833676,0.432119,0.362377,0.68842,0.020737,0.028502,2.842971,471.025632,397627.747839,0.008212,16.500688,7.91431,0.437445,0.366933,0.738946,0.021184,0.030846,2.725234,493.891474,517327.532827,0.005988,15.826333,8.130211,0.393911,0.312627,0.670015,0.016057,0.023412,2.920698,286.405428,289525.698192,0.007169,36.20741,8.091201,0.329867,0.243536,0.036551,0.016044,0.018361,4.30686,270.598568,180121.596226,0.007107,35.994123,8.027273,0.322243,0.23388,-0.022733,0.016125,0.017185,4.350416,272.258002,175452.456042,0.010714,27.591408,7.654944,0.369097,0.288406,0.053205,0.015996,0.014237,3.676878,269.085302,134820.0687,0.006412,38.392164,8.176302,0.316871,0.228895,-0.004053,0.016076,0.018678,4.507371,270.932187,193483.724225,0.006471,40.024944,8.216423,0.323784,0.237881,0.00946,0.016086,0.01973,4.519609,271.504105,203100.879665,0.005948,39.24677,8.240944,0.311893,0.223118,0.00919,0.016125,0.019337,4.57322,272.8219,209049.130462
48,49,1020,0.007554,25.482392,7.914573,0.374655,0.292963,0.464588,0.020375,0.023202,3.47249,446.344243,305052.820221,0.008295,23.347139,7.87455,0.396873,0.320344,0.541421,0.020638,0.024842,3.255489,460.398946,318066.914162,0.005679,38.078605,8.316659,0.312336,0.223292,0.100168,0.016073,0.020655,4.526352,273.006937,216536.958109,0.006481,37.75102,8.151964,0.313798,0.224589,0.008624,0.01617,0.018597,4.489898,274.353809,192437.185751,0.00515,40.855564,8.329549,0.295483,0.204137,-0.003687,0.016176,0.019869,4.787126,274.305141,227471.910402,0.005304,39.537378,8.348615,0.301075,0.210669,0.065345,0.016146,0.020655,4.693594,274.74878,226291.692909,0.003974,46.59154,8.571155,0.273346,0.181074,-0.015029,0.016081,0.022412,5.257397,270.807103,280961.627796,0.004532,42.279347,8.43263,0.285985,0.194136,2.6e-05,0.015993,0.020639,4.948901,268.202832,247992.251233,0.004284,44.032393,8.482576,0.276569,0.18354,-0.012521,0.016175,0.021227,5.110802,274.072441,259399.438296
49,50,1022,0.013192,12.906411,7.413505,0.465973,0.401537,0.765758,0.022389,0.026894,2.384598,546.6833,339561.927599,0.012651,10.86904,7.398615,0.48296,0.421177,0.811766,0.022343,0.028191,2.194804,546.874831,397357.913453,0.00881,15.832367,7.900815,0.422279,0.348534,0.639839,0.015735,0.021463,2.762247,273.683933,212389.006882,0.007592,33.117732,7.926065,0.336983,0.250995,-0.011268,0.016087,0.015988,4.131416,271.181083,169459.307167,0.0068,35.248347,8.01145,0.316271,0.226568,-0.058203,0.01607,0.016266,4.365955,269.805309,178471.54048,0.008516,32.637026,7.817251,0.343064,0.25826,-0.046353,0.016115,0.01523,4.063803,271.581923,159302.763525,0.008865,33.456568,7.821712,0.339924,0.254169,-0.050029,0.016119,0.015558,4.089595,271.634606,153625.408935,0.006416,36.719223,8.127984,0.324772,0.237622,0.00326,0.016094,0.017986,4.368369,271.653266,200949.875,0.005767,37.857631,8.21579,0.308945,0.219256,-0.004098,0.016129,0.018408,4.545028,272.69022,212521.73117
50,51,1023,0.007607,14.817125,7.942072,0.429226,0.356525,0.77597,0.020564,0.03232,2.665803,469.088184,483018.448247,0.007211,12.912264,7.970404,0.434696,0.362271,0.819049,0.020807,0.034815,2.525823,483.153031,575268.792116,0.00727,15.936194,7.985802,0.400359,0.321142,0.626922,0.015871,0.02087,2.897168,277.530412,226233.615745,0.004805,41.704566,8.436951,0.302332,0.213759,0.038405,0.016098,0.021178,4.808118,272.552071,245553.336542,0.004881,41.103865,8.389858,0.293766,0.203063,0.011138,0.01619,0.020291,4.83936,275.063878,239261.820971,0.005926,41.293246,8.251142,0.316544,0.230613,-0.043384,0.01613,0.019328,4.675216,271.959737,211877.766586,0.005142,42.353998,8.365271,0.297732,0.208118,-0.020152,0.016041,0.020276,4.853442,269.390924,227521.122118,0.004007,46.248749,8.555378,0.287691,0.198592,-0.001653,0.016148,0.022544,5.135763,273.401667,294751.527009,0.004196,44.821936,8.523498,0.283818,0.19248,0.003565,0.016078,0.021966,5.083564,271.143756,271606.871315
51,52,1024,0.01156,11.462361,7.38847,0.443721,0.371361,0.650036,0.016785,0.015986,2.362611,306.075373,166320.953011,0.012291,9.700504,7.338596,0.466865,0.39935,0.724102,0.01683,0.017176,2.151082,309.756147,175739.826989,0.007316,14.407811,7.873574,0.399844,0.31846,0.633974,0.016391,0.019206,2.779218,294.188242,230977.572442,0.004998,42.238558,8.350851,0.301763,0.213405,-0.027846,0.016166,0.020073,4.843855,273.484386,234937.659489,0.004968,41.547765,8.36036,0.292049,0.200919,-0.020049,0.015971,0.019893,4.872222,267.05187,227232.5349,0.005629,38.32413,8.173707,0.308125,0.21946,-0.05653,0.016118,0.017716,4.618976,271.381073,212806.27264,0.005151,40.253872,8.267902,0.293475,0.202359,-0.06229,0.016123,0.018506,4.810304,271.38675,223534.986696,0.004978,43.35654,8.40716,0.305341,0.217063,0.008797,0.016177,0.021354,4.826356,274.588892,251525.343346,0.004743,43.29716,8.42706,0.292274,0.201353,-0.000396,0.016103,0.021128,4.915041,271.885265,248711.781683
52,53,1025,0.007724,12.919543,7.769633,0.434921,0.361454,0.745012,0.018274,0.024743,2.536117,369.051758,356200.839539,0.007104,11.815075,7.804805,0.435872,0.361828,0.775349,0.018626,0.025667,2.45082,384.171453,415840.231792,0.005557,15.534452,8.143984,0.390976,0.308429,0.676992,0.015868,0.023492,2.913423,280.316765,297734.29142,0.006858,41.886115,8.212524,0.327234,0.243523,-0.031169,0.016136,0.019839,4.603841,272.377211,197434.633517,0.005245,44.664264,8.402754,0.299481,0.211073,-0.02969,0.016095,0.021184,4.946463,270.991747,232307.358691,0.007108,39.627094,8.15378,0.331985,0.248611,-0.020111,0.016049,0.018961,4.48239,269.676292,189304.125525,0.004918,43.79698,8.42658,0.294827,0.205077,-0.009279,0.016244,0.021191,4.936383,276.489707,245023.498364,0.005194,43.602421,8.405631,0.308651,0.222005,0.005394,0.015986,0.021412,4.818324,268.085604,244237.151275,0.00487,43.251043,8.423579,0.296516,0.206812,-0.002787,0.01612,0.021058,4.897781,272.405761,246299.559966
53,54,1026,0.005439,12.905985,8.131243,0.422851,0.346876,0.793395,0.019494,0.030495,2.577175,423.231717,622970.968615,0.00662,8.429722,7.821788,0.457976,0.387997,0.846392,0.018301,0.026799,2.118632,374.416215,482444.625412,0.006955,8.400754,7.754817,0.4642,0.395333,0.827367,0.015732,0.023766,2.088714,279.665265,330584.056348,0.006909,25.260229,8.062617,0.377105,0.296036,0.334973,0.016118,0.018546,3.506365,278.761709,209944.929505,0.006784,29.918554,8.138425,0.355004,0.27142,0.231986,0.016183,0.019015,3.860169,279.137049,205844.967549,0.006004,31.049948,8.27059,0.35673,0.274645,0.268911,0.015922,0.020733,3.940737,271.533507,224750.445796,0.005376,34.705991,8.38028,0.333516,0.24799,0.210539,0.01614,0.021469,4.261136,277.771674,243688.147829,0.004442,44.678063,8.53937,0.304845,0.218578,0.038184,0.016124,0.022682,4.977873,273.498282,273177.185715,0.004875,43.721733,8.448718,0.303929,0.216062,0.01208,0.016088,0.021611,4.866052,271.660999,249025.719556
54,55,1027,0.00903,11.705822,7.608312,0.453756,0.384817,0.715765,0.016902,0.020108,2.365147,314.28031,248088.650491,0.007189,12.470379,7.895801,0.446636,0.376308,0.773151,0.019061,0.026838,2.441851,402.218065,440357.570878,0.007322,17.795375,8.019847,0.395073,0.315035,0.571751,0.016035,0.020285,3.021262,281.486104,222377.707139,0.006397,35.907624,8.165998,0.328365,0.242111,0.04696,0.016102,0.018397,4.330867,272.764754,198517.196512,0.006225,39.138203,8.174039,0.30936,0.220276,-0.045145,0.016031,0.018284,4.600237,268.621997,192619.739143,0.007922,33.52636,7.942808,0.342807,0.258446,-0.003155,0.016006,0.016318,4.118356,268.588974,166423.672489,0.005725,40.267063,8.260692,0.305454,0.21602,-0.025848,0.016155,0.019166,4.677385,273.137442,211678.249161,0.005278,40.807097,8.32245,0.307524,0.219063,-0.004684,0.016134,0.019831,4.700521,272.859211,231035.719728,0.005015,41.407278,8.377366,0.296606,0.206106,-0.000272,0.016109,0.020212,4.811384,272.082604,235825.791962
55,56,1028,0.004616,15.788897,8.28732,0.393261,0.311762,0.738796,0.017952,0.029525,2.927822,360.263091,539510.040315,0.005081,13.150814,8.147396,0.406877,0.326508,0.766163,0.017403,0.027462,2.688949,339.134396,467646.3066,0.00466,17.514205,8.283447,0.369078,0.282523,0.647661,0.015885,0.024267,3.151796,280.687873,335682.46209,0.005221,43.528058,8.37547,0.307427,0.220536,-0.023286,0.015967,0.020768,4.839819,266.815733,230334.202173,0.005213,45.313534,8.37765,0.29534,0.206314,-0.070169,0.016093,0.020677,4.991407,270.089481,229648.684153,0.00434,44.742773,8.539554,0.296886,0.208654,0.035298,0.016076,0.022648,4.989038,271.814162,272872.680905,0.004476,44.490216,8.488536,0.287596,0.197103,-0.009387,0.016097,0.021525,5.038167,271.491742,256884.644421,0.004378,46.816834,8.527443,0.288083,0.198626,-0.02536,0.016131,0.022292,5.14397,272.279929,266706.9771,0.004732,43.771852,8.443802,0.289996,0.199639,-0.017069,0.016073,0.021014,4.988883,270.521421,243931.242985
56,57,1029,0.008096,19.286271,7.979712,0.396892,0.318663,0.671652,0.020707,0.02868,3.094377,469.32279,380409.037727,0.006774,18.114173,8.099383,0.392411,0.311911,0.720382,0.020862,0.031614,3.045923,479.668646,482320.325214,0.005425,14.331879,8.153339,0.392492,0.308978,0.716826,0.016702,0.024724,2.823311,310.647479,356240.766931,0.006593,37.617353,8.132934,0.329865,0.24477,0.002279,0.016142,0.01839,4.406017,273.245956,193961.684535,0.005985,40.453173,8.202659,0.304813,0.21502,-0.049576,0.016192,0.018823,4.665904,273.95537,201466.073426,0.006286,32.857005,8.079774,0.324478,0.235834,0.067375,0.016194,0.01721,4.224322,276.189436,194063.960601,0.004671,43.140158,8.438616,0.290203,0.199243,0.005622,0.016026,0.021179,4.947527,269.427521,245192.580021,0.005153,41.037454,8.351576,0.306543,0.218102,0.008727,0.016139,0.020216,4.73639,273.303745,239757.534119,0.004381,46.811582,8.526994,0.28498,0.193896,-0.004837,0.016219,0.022757,5.115216,275.73505,272648.135177
